1.130000000000000000e+02 3.300000000000000000e+01 8.916585445404052734e-01 0.000000000000000000e+00
1.250000000000000000e+02 7.300000000000000000e+01 8.936308026313781738e-01 1.000000000000000000e+00
1.060000000000000000e+02 7.100000000000000000e+01 8.008211851119995117e-01 2.000000000000000000e+00
1.040000000000000000e+02 1.390000000000000000e+02 5.845063924789428711e-01 3.000000000000000000e+00
8.600000000000000000e+01 1.850000000000000000e+02 6.952582001686096191e-01 4.000000000000000000e+00
1.420000000000000000e+02 7.300000000000000000e+01 8.249495029449462891e-01 5.000000000000000000e+00
1.820000000000000000e+02 1.270000000000000000e+02 9.636043310165405273e-01 6.000000000000000000e+00
1.380000000000000000e+02 1.630000000000000000e+02 9.008183479309082031e-01 7.000000000000000000e+00
9.900000000000000000e+01 1.770000000000000000e+02 6.262004971504211426e-01 8.000000000000000000e+00
8.900000000000000000e+01 2.550000000000000000e+02 3.811275362968444824e-01 9.000000000000000000e+00
1.220000000000000000e+02 1.790000000000000000e+02 6.284172534942626953e-01 1.000000000000000000e+01
1.160000000000000000e+02 2.550000000000000000e+02 2.910405695438385010e-01 1.100000000000000000e+01
1.060000000000000000e+02 2.700000000000000000e+01 9.608835577964782715e-01 1.200000000000000000e+01
1.200000000000000000e+02 2.600000000000000000e+01 9.427283406257629395e-01 1.300000000000000000e+01
1.000000000000000000e+02 3.400000000000000000e+01 1.226811334490776062e-01 1.400000000000000000e+01
1.360000000000000000e+02 2.700000000000000000e+01 8.473211526870727539e-01 1.500000000000000000e+01
