1.190000000000000000e+02 3.900000000000000000e+01 1.235611811280250549e-01 0.000000000000000000e+00
1.480000000000000000e+02 8.000000000000000000e+01 9.321066141128540039e-01 1.000000000000000000e+00
1.840000000000000000e+02 8.000000000000000000e+01 9.020690321922302246e-01 2.000000000000000000e+00
1.850000000000000000e+02 1.450000000000000000e+02 8.811913728713989258e-01 3.000000000000000000e+00
1.780000000000000000e+02 2.010000000000000000e+02 7.621915340423583984e-01 4.000000000000000000e+00
1.130000000000000000e+02 8.000000000000000000e+01 8.418201208114624023e-01 5.000000000000000000e+00
1.060000000000000000e+02 1.460000000000000000e+02 8.889629244804382324e-01 6.000000000000000000e+00
8.900000000000000000e+01 1.980000000000000000e+02 8.734655380249023438e-01 7.000000000000000000e+00
1.610000000000000000e+02 1.970000000000000000e+02 6.344254612922668457e-01 8.000000000000000000e+00
1.160000000000000000e+02 1.920000000000000000e+02 6.594762206077575684e-01 9.000000000000000000e+00
1.200000000000000000e+02 3.400000000000000000e+01 2.521242499351501465e-01 1.000000000000000000e+01
1.630000000000000000e+02 3.300000000000000000e+01 2.763812839984893799e-01 1.100000000000000000e+01
1.280000000000000000e+02 3.700000000000000000e+01 8.409863710403442383e-01 1.200000000000000000e+01
