1.490000000000000000e+02 2.600000000000000000e+01 9.639234542846679688e-01 0.000000000000000000e+00
1.470000000000000000e+02 5.200000000000000000e+01 9.432929754257202148e-01 1.000000000000000000e+00
1.260000000000000000e+02 5.000000000000000000e+01 9.349830150604248047e-01 2.000000000000000000e+00
1.190000000000000000e+02 8.900000000000000000e+01 8.650190234184265137e-01 3.000000000000000000e+00
1.210000000000000000e+02 1.250000000000000000e+02 9.393053054809570312e-01 4.000000000000000000e+00
1.680000000000000000e+02 5.200000000000000000e+01 9.098938107490539551e-01 5.000000000000000000e+00
1.680000000000000000e+02 9.000000000000000000e+01 8.949556350708007812e-01 6.000000000000000000e+00
1.660000000000000000e+02 1.250000000000000000e+02 8.962563872337341309e-01 7.000000000000000000e+00
1.290000000000000000e+02 1.210000000000000000e+02 7.583002448081970215e-01 8.000000000000000000e+00
1.300000000000000000e+02 1.740000000000000000e+02 8.903183937072753906e-01 9.000000000000000000e+00
1.590000000000000000e+02 2.150000000000000000e+02 8.965585231781005859e-01 1.000000000000000000e+01
1.540000000000000000e+02 1.220000000000000000e+02 8.122842907905578613e-01 1.100000000000000000e+01
1.490000000000000000e+02 1.760000000000000000e+02 9.031013846397399902e-01 1.200000000000000000e+01
1.400000000000000000e+02 2.250000000000000000e+02 8.052030205726623535e-01 1.300000000000000000e+01
1.450000000000000000e+02 2.100000000000000000e+01 8.995509147644042969e-01 1.400000000000000000e+01
1.520000000000000000e+02 2.100000000000000000e+01 8.971232771873474121e-01 1.500000000000000000e+01
1.380000000000000000e+02 2.300000000000000000e+01 8.110531568527221680e-01 1.600000000000000000e+01
1.590000000000000000e+02 2.400000000000000000e+01 6.379645466804504395e-01 1.700000000000000000e+01
