1.300000000000000000e+02 3.100000000000000000e+01 9.783996343612670898e-01 0.000000000000000000e+00
1.280000000000000000e+02 6.900000000000000000e+01 9.581637382507324219e-01 1.000000000000000000e+00
9.800000000000000000e+01 6.700000000000000000e+01 8.994741439819335938e-01 2.000000000000000000e+00
9.300000000000000000e+01 1.210000000000000000e+02 9.282154440879821777e-01 3.000000000000000000e+00
1.050000000000000000e+02 1.640000000000000000e+02 9.353148937225341797e-01 4.000000000000000000e+00
1.570000000000000000e+02 7.100000000000000000e+01 8.891844749450683594e-01 5.000000000000000000e+00
1.600000000000000000e+02 1.240000000000000000e+02 9.018204212188720703e-01 6.000000000000000000e+00
1.720000000000000000e+02 1.710000000000000000e+02 9.431709647178649902e-01 7.000000000000000000e+00
1.110000000000000000e+02 1.690000000000000000e+02 7.091249227523803711e-01 8.000000000000000000e+00
1.130000000000000000e+02 2.550000000000000000e+02 6.363827586174011230e-01 9.000000000000000000e+00
1.500000000000000000e+02 1.690000000000000000e+02 7.744201421737670898e-01 1.000000000000000000e+01
1.440000000000000000e+02 2.550000000000000000e+02 6.030450463294982910e-01 1.100000000000000000e+01
1.230000000000000000e+02 2.600000000000000000e+01 9.613689184188842773e-01 1.200000000000000000e+01
1.370000000000000000e+02 2.500000000000000000e+01 9.662402272224426270e-01 1.300000000000000000e+01
1.130000000000000000e+02 2.900000000000000000e+01 8.398466706275939941e-01 1.400000000000000000e+01
1.450000000000000000e+02 2.800000000000000000e+01 6.678193211555480957e-01 1.500000000000000000e+01
