1.290000000000000000e+02 4.000000000000000000e+01 9.781419634819030762e-01 0.000000000000000000e+00
1.310000000000000000e+02 8.500000000000000000e+01 9.124031066894531250e-01 1.000000000000000000e+00
9.800000000000000000e+01 8.400000000000000000e+01 8.668758273124694824e-01 2.000000000000000000e+00
9.200000000000000000e+01 1.500000000000000000e+02 8.552884459495544434e-01 3.000000000000000000e+00
9.800000000000000000e+01 2.060000000000000000e+02 8.713585734367370605e-01 4.000000000000000000e+00
1.650000000000000000e+02 8.700000000000000000e+01 8.727692961692810059e-01 5.000000000000000000e+00
1.700000000000000000e+02 1.550000000000000000e+02 8.835062384605407715e-01 6.000000000000000000e+00
1.790000000000000000e+02 2.140000000000000000e+02 8.572984337806701660e-01 7.000000000000000000e+00
1.100000000000000000e+02 1.940000000000000000e+02 6.707262396812438965e-01 8.000000000000000000e+00
1.550000000000000000e+02 1.950000000000000000e+02 6.938654780387878418e-01 9.000000000000000000e+00
1.210000000000000000e+02 3.400000000000000000e+01 9.170883893966674805e-01 1.000000000000000000e+01
1.380000000000000000e+02 3.200000000000000000e+01 9.513149261474609375e-01 1.100000000000000000e+01
1.130000000000000000e+02 3.900000000000000000e+01 7.142572999000549316e-01 1.200000000000000000e+01
1.500000000000000000e+02 3.600000000000000000e+01 8.690021634101867676e-01 1.300000000000000000e+01
