1.600000000000000000e+02 3.600000000000000000e+01 9.836565256118774414e-01 0.000000000000000000e+00
1.350000000000000000e+02 7.600000000000000000e+01 6.573168039321899414e-01 1.000000000000000000e+00
1.280000000000000000e+02 7.900000000000000000e+01 8.179771304130554199e-01 2.000000000000000000e+00
1.310000000000000000e+02 1.520000000000000000e+02 7.068420648574829102e-01 3.000000000000000000e+00
1.410000000000000000e+02 2.150000000000000000e+02 8.571766018867492676e-01 4.000000000000000000e+00
1.410000000000000000e+02 7.500000000000000000e+01 5.557610988616943359e-01 5.000000000000000000e+00
1.500000000000000000e+02 1.500000000000000000e+02 1.888840943574905396e-01 6.000000000000000000e+00
1.350000000000000000e+02 2.000000000000000000e+02 6.253219246864318848e-01 7.000000000000000000e+00
1.490000000000000000e+02 1.950000000000000000e+02 4.419538974761962891e-01 8.000000000000000000e+00
1.520000000000000000e+02 2.600000000000000000e+01 9.701329469680786133e-01 9.000000000000000000e+00
1.660000000000000000e+02 2.900000000000000000e+01 9.409177899360656738e-01 1.000000000000000000e+01
1.340000000000000000e+02 2.400000000000000000e+01 9.528830647468566895e-01 1.100000000000000000e+01
