1.170000000000000000e+02 3.000000000000000000e+01 9.378154873847961426e-01 0.000000000000000000e+00
1.450000000000000000e+02 8.000000000000000000e+01 6.306344866752624512e-01 1.000000000000000000e+00
1.410000000000000000e+02 7.800000000000000000e+01 5.642595291137695312e-01 2.000000000000000000e+00
1.470000000000000000e+02 8.100000000000000000e+01 8.000036478042602539e-01 3.000000000000000000e+00
1.470000000000000000e+02 1.370000000000000000e+02 7.605579495429992676e-01 4.000000000000000000e+00
1.370000000000000000e+02 1.880000000000000000e+02 8.629501461982727051e-01 5.000000000000000000e+00
1.470000000000000000e+02 1.770000000000000000e+02 5.010345578193664551e-01 6.000000000000000000e+00
1.520000000000000000e+02 2.470000000000000000e+02 4.303085803985595703e-01 7.000000000000000000e+00
1.520000000000000000e+02 2.550000000000000000e+02 4.303106963634490967e-01 8.000000000000000000e+00
1.360000000000000000e+02 1.780000000000000000e+02 7.079824805259704590e-01 9.000000000000000000e+00
1.200000000000000000e+02 2.550000000000000000e+02 4.430750012397766113e-01 1.000000000000000000e+01
1.460000000000000000e+02 2.550000000000000000e+02 1.226684600114822388e-01 1.100000000000000000e+01
1.190000000000000000e+02 2.500000000000000000e+01 1.930258870124816895e-01 1.200000000000000000e+01
1.250000000000000000e+02 2.500000000000000000e+01 9.556379914283752441e-01 1.300000000000000000e+01
1.430000000000000000e+02 3.500000000000000000e+01 9.292136430740356445e-01 1.400000000000000000e+01
