1.270000000000000000e+02 3.300000000000000000e+01 9.341222643852233887e-01 0.000000000000000000e+00
1.320000000000000000e+02 7.400000000000000000e+01 9.348551630973815918e-01 1.000000000000000000e+00
1.020000000000000000e+02 7.300000000000000000e+01 8.929463624954223633e-01 2.000000000000000000e+00
1.000000000000000000e+02 1.330000000000000000e+02 9.158918857574462891e-01 3.000000000000000000e+00
8.600000000000000000e+01 1.830000000000000000e+02 8.827364444732666016e-01 4.000000000000000000e+00
1.620000000000000000e+02 7.300000000000000000e+01 9.297263622283935547e-01 5.000000000000000000e+00
1.680000000000000000e+02 1.320000000000000000e+02 8.879975080490112305e-01 6.000000000000000000e+00
1.820000000000000000e+02 1.840000000000000000e+02 9.119865894317626953e-01 7.000000000000000000e+00
1.240000000000000000e+02 1.790000000000000000e+02 6.546844840049743652e-01 8.000000000000000000e+00
1.430000000000000000e+02 2.550000000000000000e+02 2.148336321115493774e-01 9.000000000000000000e+00
1.600000000000000000e+02 1.750000000000000000e+02 6.687886118888854980e-01 1.000000000000000000e+01
1.600000000000000000e+02 2.550000000000000000e+02 1.844243109226226807e-01 1.100000000000000000e+01
1.220000000000000000e+02 2.700000000000000000e+01 9.203147888183593750e-01 1.200000000000000000e+01
1.350000000000000000e+02 2.600000000000000000e+01 9.571847915649414062e-01 1.300000000000000000e+01
1.500000000000000000e+02 2.900000000000000000e+01 9.829818010330200195e-01 1.400000000000000000e+01
